[gd_scene load_steps=10 format=2]

[ext_resource path="res://scripts/world_generation.gd" type="Script" id=1]
[ext_resource path="res://MeshLib/MeshLib/terrain0.meshlib" type="MeshLibrary" id=2]
[ext_resource path="res://scripts/cam.gd" type="Script" id=3]
[ext_resource path="res://Prefabs/Player/player.tscn" type="PackedScene" id=4]
[ext_resource path="res://Prefabs/Spawner/spawner.tscn" type="PackedScene" id=5]
[ext_resource path="res://MeshLib/MeshLib/obstacles0.meshlib" type="MeshLibrary" id=7]

[sub_resource type="ConcavePolygonShape" id=3]
data = PoolVector3Array( -1, 1, 1, 1, 1, 1, -1, -1, 1, 1, 1, 1, 1, -1, 1, -1, -1, 1, 1, 1, -1, -1, 1, -1, 1, -1, -1, -1, 1, -1, -1, -1, -1, 1, -1, -1, 1, 1, 1, 1, 1, -1, 1, -1, 1, 1, 1, -1, 1, -1, -1, 1, -1, 1, -1, 1, -1, -1, 1, 1, -1, -1, -1, -1, 1, 1, -1, -1, 1, -1, -1, -1, 1, 1, 1, -1, 1, 1, 1, 1, -1, -1, 1, 1, -1, 1, -1, 1, 1, -1, -1, -1, 1, 1, -1, 1, -1, -1, -1, 1, -1, 1, 1, -1, -1, -1, -1, -1 )

[sub_resource type="CubeMesh" id=52]

[sub_resource type="SpatialMaterial" id=53]
albedo_color = Color( 0.976471, 0.623529, 0.0156863, 1 )

[node name="scene_base" type="Spatial"]
script = ExtResource( 1 )

[node name="GridMap" type="GridMap" parent="."]
mesh_library = ExtResource( 2 )
cell_size = Vector3( 24, 2, 2 )
data = {
"cells": PoolIntArray( 0, 0, 1, 65535, 0, 1, 0, 1, 0, 65535, 1, 0, 0, 2, 0, 65535, 2, 0, 0, 3, 2, 65535, 3, 2, 0, 4, 2, 65535, 4, 2, 0, 5, 1, 65535, 5, 1, 0, 6, 0, 65535, 6, 0, 0, 7, 0, 65535, 7, 0, 0, 8, 3, 0, 9, 4, 0, 65534, 0, 65535, 65534, 0, 0, 65535, 2, 65535, 65535, 2 )
}
__meta__ = {
"_editor_clip_": 0,
"_editor_floor_": Vector3( 0, 0, 0 )
}

[node name="obstacles" type="GridMap" parent="."]
transform = Transform( 1, 0, 0, 0, 1, 0, 0, 0, 1, 0, 2, 0 )
mesh_library = ExtResource( 7 )
collision_layer = 4
collision_mask = 4
data = {
"cells": PoolIntArray( 1, 6, 4, 2, 6, 0, 4, 6, 2, 5, 6, 1, 6, 6, 3 )
}
__meta__ = {
"_editor_clip_": 0,
"_editor_floor_": Vector3( 0, 0, 0 )
}

[node name="cam" type="KinematicBody" parent="."]
transform = Transform( 1, 0, 0, 0, 1, 0, 0, 0, 1, 0, 4, 13 )
collision_layer = 4
collision_mask = 4
script = ExtResource( 3 )

[node name="CollisionShape" type="CollisionShape" parent="cam"]
transform = Transform( 16.8346, 0, 0.139173, 0, 1, 0, -2.36594, 0, 0.990268, 2.77471, 0, -10.3344 )
shape = SubResource( 3 )

[node name="MeshInstance" type="MeshInstance" parent="cam"]
transform = Transform( 16.8346, 0, 0.139173, 0, 1, 0, -2.36594, 0, 0.990268, 2.77471, 0, -10.3344 )
visible = false
mesh = SubResource( 52 )
skeleton = NodePath("../..")
material/0 = SubResource( 53 )

[node name="DEBUG CAMERA" type="Camera" parent="cam"]
transform = Transform( -4.37114e-08, 0.5, -0.866025, 0, 0.866025, 0.5, 1, 2.18557e-08, -3.78552e-08, -22.7397, 12, 0 )

[node name="Game Camera" type="Camera" parent="cam"]
transform = Transform( -0.990268, 0.0984102, -0.0984102, 0, 0.707107, 0.707107, 0.139173, 0.700225, -0.700226, 4, 9, -3 )
projection = 1
current = true
fov = 73.2
size = 20.0

[node name="DEBUG CAMERA2" type="Camera" parent="cam"]
transform = Transform( -1, 1.98271e-08, -7.95219e-08, 0, 0.970296, 0.241922, 8.19564e-08, 0.241922, -0.970296, 2.32332, 11.7841, -27.263 )
current = true

[node name="player" parent="." instance=ExtResource( 4 )]
transform = Transform( 1, 0, 0, 0, 1, 0, 0, 0, 1, 7, 3, 13 )
collision_mask = 5

[node name="spawner" parent="." instance=ExtResource( 5 )]
transform = Transform( 1, 0, 0, 0, 1, 0, 0, 0, 1, 30, 4, 1 )

[node name="DirectionalLight" type="DirectionalLight" parent="."]
transform = Transform( 0.121869, 0.813046, 0.569301, -5.01436e-08, -0.573576, 0.819152, 0.992546, -0.0998297, -0.0699014, 10, 22, 11 )
shadow_enabled = true
